0.00114509290623488
0.00603219744161665
0.01481946106749943
0.02750025185022631
0.04406241902803298
0.06448983717577184
0.08876256605232680
0.11685689694517487
0.14874538297673778
0.18439686829803303
0.22377651945497590
0.26684585982768194
0.31356280741866405
0.36388171606988129
0.41775342011709204
0.47512528245992636
0.53594124601134130
0.60014188848163474
0.66766448044639670
0.73844304664329519
0.81240843043874200
0.88948836140201815
0.96960752592117139
1.05268764079191701
1.13864752970777428
1.22740320257679203
1.31886793758743615
1.41295236594348284
1.50956455918516896
1.60861011901128492
1.70999226951447536
1.81361195173962342
1.91936792047294791
2.02715684316723621
2.13687340090656797
2.24841039131187426
2.36165883328679360
2.47650807350148039
2.59284589451031344
2.71055862439788342
2.82953124784611187
2.94964751851398610
3.07079007262010428
3.19284054361705616
3.31567967784558704
3.43918745105554402
3.56324318567975551
3.68772566874625340
3.81251327031363330
3.93748406231382786
4.06251593768617258
4.18748672968636626
4.31227433125374660
4.43675681432024405
4.56081254894445554
4.68432032215441296
4.80715945638294428
4.92920992737989572
5.05035248148601390
5.17046875215388813
5.28944137560211658
5.40715410548968656
5.52349192649851961
5.63834116671320640
5.75158960868812574
5.86312659909343203
5.97284315683276379
6.08063207952705209
6.18638804826037614
6.29000773048552464
6.39138988098871508
6.49043544081483148
6.58704763405651761
6.68113206241256385
6.77259679742320841
6.86135247029222572
6.94731235920808299
7.03039247407882861
7.11051163859798230
7.18759156956125800
7.26155695335670437
7.33233551955360330
7.39985811151836526
7.46405875398865870
7.52487471754007409
7.58224657988290751
7.63611828393011827
7.68643719258133551
7.73315414017231806
7.77622348054502410
7.81560313170196697
7.85125461702326177
7.88314310305482557
7.91123743394767320
7.93551016282422772
7.95593758097196702
7.97249974814977413
7.98518053893250013
7.99396780255838380
7.99885490709376512